?###????????
.###....##.#

??##????#???.?.????# 7,1,2,2
..#######.#.##.....##

???.###????.###????.###????.###????.###
#.#.###.#.#.###.#.#.###.#.#.###.#.#.###
[1, 1, 3, 1, 1, 3, 1, 1, 3, 1, 1, 3, 1, 1, 3]

Unwanted dot
Unwanted dot
Unwanted dot
.??..??...?##.?.??..??...?##.?.??..??...?##.?.??..??...?##.?.??..??...?##.
#.#.###.#.#.###.#.#.###.#.#.###.#.#.###
[1, 1, 3, 1, 1, 3, 1, 1, 3, 1, 1, 3, 1, 1, 3]

Unwanted dot
Unwanted dot
Unwanted dot
Unwanted dot
Unwanted dot
?#?#?#?#?#?#?#???#?#?#?#?#?#?#???#?#?#?#?#?#?#???#?#?#?#?#?#?#???#?#?#?#?#?#?#?
#.###.#.######.#.###.#.######.#.###.#.######.#.###.#.######.#.###.#.######
[1, 3, 1, 6, 1, 3, 1, 6, 1, 3, 1, 6, 1, 3, 1, 6, 1, 3, 1, 6]

.???#??.???????. 4,3
???????#?#?#??#??. 1,10,2
?#?.??????.???#???#? 1,4,8
#?????.?????#??????? 4,1,7,1
????.?#????????????? 3,3,1,6

????.?#????????????? 3,3,1,6
?###.###.#.######

???????#?#?#??#??. 1,10,2
?#?.??????.???#???#? 1,4,8
?.????????#?????. 1,5,5,1
???#???#?##?????#.? 4,10
#???#?????#.???.?? 11,1,1
#?###????.???????#? 5,1,1,2,1,1
#?????.?????#??????? 4,1,7,1
.???.???????#??.?#?? 3,8,1,2
?#????.???#??????. 2,1,7,1
??????.??????????. 3,3
??##.????##?.#?????? 4,1,3,4,1
???#??#???###????#.? 12,2
??????????.#?????#.? 1,2,1,5,1,1
????##??##????#??? 4,8
#???????#?????#?..# 10,2,1,1
?#???????????? 1,1,2,3
.?#???????##?#??.??? 5,1,3,1,1,3
??????.??????? 5,1,1,3
#.????.#.??????#??? 1,1,1,1,8
?????????????## 1,1,2,5
???#??????????# 4,3,1,1,1
#??.##????#???????? 3,4,1,2
.?????#????#???? 2,1,6
????.???????#?? 1,6,1,1
???.?#?????????#. 2,5
??.???..??#?????? 2,6
??.??##?##?????????? 1,11,1
??##????#???.?.????# 7,1,2,2
??#????????????? 6,2
????#??##????????. 5,5
???????.??##????. 1,1,4,3
????.#????###????#? 1,1,9,4
??#??????.????? 4,1,1
.?#?????????#?#?#?? 16,1
.???#???#??.?????#?? 7,6
?##??.?????.????#?. 5,2,5
.?????#?????#????? 1,1,4,2,1
.???????.???#??????? 3,3,10
?#??????#???????##.? 13,3
????##??#?????.?? 1,4,2,2,2
?.?#?.??????#??.#?? 1,1,1,6,3
??#?????##?#?????#? 3,1,8,1
?????????#?????? 2,1,2,4
#??.?????????#????? 3,1,5,2,1,1
???????????##?? 4,3
???#???#???.?????.. 10,3
?#???????????#? 1,7,2
.????#?..??#???????. 2,2,1,1,5
??????.??????????#? 1,1,6,2,1
????????#.???#.??? 9,1,2
????#????????? 3,5
?.?????????#??????#? 1,2,3,10
??#.????##??????.??# 2,1,5,4,1,1
###??#??????????.?# 6,7,1
??#??#???#?#???????. 3,2,5,2
????#????##??.#??? 1,8,2
??????.?????????#? 4,1,1,3,1
???##??.???????? 3,1,4
#??????.?#?#?????#.# 4,1,9,1
???????????#???#?#?? 2,3,7,3
?????#??..??????##?? 6,2
.????##?.??#?#??.??? 7,4,1
.?.??#.????#???.???? 1,4,3
???.????##????#??? 1,14
?.?#???#???#??#??#? 1,15
????#??.?#??????? 7,3,2
????????#???.???? 2,1,5,1
??.?#??#??????#????? 1,5,1,2,1,1
?????????#??##??##? 1,1,1,10
??????????..#?#??? 2,6
?.????#?#?.???.#???? 1,7,1,1,2
?.??????.?#?????? 5,5
??????#????.???#.?? 1,8,1,2,1
?#.????#??#???????? 2,10,2
???#?????????? 4,1,6
??.???????????? 7,1
????.?#?..????#??? 1,2,2,3
???.?????#??###??#? 3,11,1
#???#??#?#?.?.?????# 1,5,2,1,3,2
????#.#.?#?#?????.?? 1,1,1,5,1,1
???????????#.??# 3,1,1,1,3
????#??#?#?????? 1,6,3
???###??#???#???#??? 15,2
????.?#????????????? 3,3,1,6
???????.?????##???. 2,1,1,1,5
?#.?????????#?.?.??# 1,1,7,1,1
#?.????????#?.???# 2,3,2,2,2,1
#????????.?????##??? 1,2,1,1,2,6
?.?#?#????????.?##? 1,3,4,4
??????????#?????? 3,1,3,3
?.??#??#??.#???????# 1,2,1,1,9
??.#????????.#??#?? 1,1,5,1,1,1
???.?#??.??#????#?? 1,10
??.??????????? 5,3
??##???##????????.? 5,2,5
?????#??#??.??.?#? 4,2,1
???.???????.#?#???? 3,1,1,1,1,3
???.??.??????..?#? 1,1,1,1,3,2
??#???#?????#?##???? 2,4,7,1
?????#??????#?.? 7,2,1
??#?????????????.?. 6,2,2,1
????#????##????#???? 3,2,5,2,1
???.?????...??##??? 1,1,2,1,1,4
???????##?#??#?????. 1,9,5
?????????????#?#?# 1,1,1,7,1,1
??????????????.. 5,1
????????##????#???? 1,1,10
?#??.?#??.???#???? 2,3,5
??#????.??#????.?? 7,5,1
?????#??????##?#?.?? 6,7,2
.?.??.??????#?#??? 2,11
?#?.????#???????##?? 2,4,1,3
.??????????????? 1,2,5
??#??.????#?#??#???. 2,1,1,6,1
???????...???##???.. 2,3
?????#?????????.?? 7,2,1
.??#???????#???? 3,8
?.?##????????#???.? 4,10
..#??.??????????? 1,5
???.#?.??????????.? 2,3
????#??#???????#???# 16,1
?##?????#??##???#?? 4,7,2
??.?..?????????##??. 1,6
??#???????#??.??.? 13,1
?????#??#?????.???? 11,1
??#??????????#????#? 3,1,7
???????????.??? 1,6,1
?.???#?.????#???#? 5,9
??????.?#??????#?# 1,1,2,1,1,3
???#???#?????#?#? 1,6,1,2,1
??.?.?.??.#????.?.?? 2,1,1,4,1,1
??#??#????.#??.??.? 6,1,1,1,2,1
?#.???.?????????#. 2,1,1,1,1,2
????????#??#???? 4,1,1,1,1
?#????????????? 6,2,2
?#??##???#.#?.?????? 7,2,2,1,3
#.?#??.?#??????????. 1,1,1,1,7,1
??#??#?#??????.???? 8,1,1,1,1
#??.??????#?????.?. 2,7,2
???#??#?#???#?.???. 1,6,1,1,1,1
??..????#???#????#?? 1,13
#?#???????.#?#?????? 6,1,1,2,1,1
.#?????#???????#???? 1,1,1,8
?????..#???????? 3,5,2
???#??????????# 1,1,1,3,2
??.?????????.##???## 1,1,3,1,3,3
#????????...#?????# 9,1,1,1
?????#?##????.#???.? 9,2
??#???????.?#??###?? 7,6
??.?#????????#???? 1,2,1,4,1
#??.??????????? 1,4,1,1
#?????#??#????#??## 1,6,2,3,2
?.??????#???#???. 1,7,2
.????.??.???#?????# 4,1,2,1,1,3
#??#??????#???.??## 2,1,2,2,1,4
.#???????##??#???? 2,10,3
????????????#? 2,2,1,1
?????.??.?????#? 3,1,1,6
